current: [6, 10]
end: [6, 20]
Initial closed list: [[6, 10], [6, 9], [7, 10], [5, 10]]
Initial open list: [[6, 11]]
Open list: [[6, 11]]
Best in list: [6, 11]
Horz hall created at X 11!
Current tile updated!
Index: 0
NEW Open list: []
NEW closed list: [[6, 10], [6, 9], [7, 10], [5, 10], [6, 11]]
current: [6, 11]
[5, 11]
[7, 11]
[6, 10]
[6, 12]
Open list: [[5, 11], [7, 11], [6, 10], [6, 12]]
Best in list: [6, 12]
Horz hall created at X 12!
Current tile updated!
Index: 3
NEW Open list: [[5, 11], [7, 11], [6, 10]]
NEW closed list: [[6, 10], [6, 9], [7, 10], [5, 10], [6, 11], [6, 12]]
current: [6, 12]
[5, 12]
[7, 12]
[6, 11]
[6, 13]
Open list: [[5, 11], [7, 11], [6, 10], [5, 12], [7, 12], [6, 11], [6, 13]]
Best in list: [6, 13]
Horz hall created at X 13!
Current tile updated!
Index: 6
NEW Open list: [[5, 11], [7, 11], [6, 10], [5, 12], [7, 12], [6, 11]]
NEW closed list: [[6, 10], [6, 9], [7, 10], [5, 10], [6, 11], [6, 12], [6, 13]]
current: [6, 13]
[5, 13]
[7, 13]
[6, 12]
[6, 14]
Open list: [[5, 11], [7, 11], [6, 10], [5, 12], [7, 12], [6, 11], [5, 13], [7, 13], [6, 12], [6, 14]]
Best in list: [6, 14]
Horz hall created at X 14!
Current tile updated!
Index: 9
NEW Open list: [[5, 11], [7, 11], [6, 10], [5, 12], [7, 12], [6, 11], [5, 13], [7, 13], [6, 12]]
NEW closed list: [[6, 10], [6, 9], [7, 10], [5, 10], [6, 11], [6, 12], [6, 13], [6, 14]]
current: [6, 14]
[5, 14]
[7, 14]
[6, 13]
[6, 15]
Open list: [[5, 11], [7, 11], [6, 10], [5, 12], [7, 12], [6, 11], [5, 13], [7, 13], [6, 12], [5, 14], [7, 14], [6, 13], [6, 15]]
Best in list: [6, 15]
Horz hall created at X 15!
Current tile updated!
Index: 12
NEW Open list: [[5, 11], [7, 11], [6, 10], [5, 12], [7, 12], [6, 11], [5, 13], [7, 13], [6, 12], [5, 14], [7, 14], [6, 13]]
NEW closed list: [[6, 10], [6, 9], [7, 10], [5, 10], [6, 11], [6, 12], [6, 13], [6, 14], [6, 15]]
current: [6, 15]
[5, 15]
[7, 15]
[6, 14]
[6, 16]
Open list: [[5, 11], [7, 11], [6, 10], [5, 12], [7, 12], [6, 11], [5, 13], [7, 13], [6, 12], [5, 14], [7, 14], [6, 13], [5, 15], [7, 15], [6, 14], [6, 16]]
Best in list: [6, 16]
Horz hall created at X 16!
Current tile updated!
Index: 15
NEW Open list: [[5, 11], [7, 11], [6, 10], [5, 12], [7, 12], [6, 11], [5, 13], [7, 13], [6, 12], [5, 14], [7, 14], [6, 13], [5, 15], [7, 15], [6, 14]]
NEW closed list: [[6, 10], [6, 9], [7, 10], [5, 10], [6, 11], [6, 12], [6, 13], [6, 14], [6, 15], [6, 16]]
current: [6, 16]
[5, 16]
[7, 16]
[6, 15]
[6, 17]
Open list: [[5, 11], [7, 11], [6, 10], [5, 12], [7, 12], [6, 11], [5, 13], [7, 13], [6, 12], [5, 14], [7, 14], [6, 13], [5, 15], [7, 15], [6, 14], [5, 16], [7, 16], [6, 15], [6, 17]]
Best in list: [6, 17]
Horz hall created at X 17!
Current tile updated!
Index: 18
NEW Open list: [[5, 11], [7, 11], [6, 10], [5, 12], [7, 12], [6, 11], [5, 13], [7, 13], [6, 12], [5, 14], [7, 14], [6, 13], [5, 15], [7, 15], [6, 14], [5, 16], [7, 16], [6, 15]]
NEW closed list: [[6, 10], [6, 9], [7, 10], [5, 10], [6, 11], [6, 12], [6, 13], [6, 14], [6, 15], [6, 16], [6, 17]]
current: [6, 17]
[5, 17]
[7, 17]
[6, 16]
[6, 18]
Open list: [[5, 11], [7, 11], [6, 10], [5, 12], [7, 12], [6, 11], [5, 13], [7, 13], [6, 12], [5, 14], [7, 14], [6, 13], [5, 15], [7, 15], [6, 14], [5, 16], [7, 16], [6, 15], [5, 17], [7, 17], [6, 16], [6, 18]]
Best in list: [6, 18]
Horz hall created at X 18!
Current tile updated!
Index: 21
NEW Open list: [[5, 11], [7, 11], [6, 10], [5, 12], [7, 12], [6, 11], [5, 13], [7, 13], [6, 12], [5, 14], [7, 14], [6, 13], [5, 15], [7, 15], [6, 14], [5, 16], [7, 16], [6, 15], [5, 17], [7, 17], [6, 16]]
NEW closed list: [[6, 10], [6, 9], [7, 10], [5, 10], [6, 11], [6, 12], [6, 13], [6, 14], [6, 15], [6, 16], [6, 17], [6, 18]]
current: [6, 18]
[5, 18]
[7, 18]
[6, 17]
[6, 19]
Open list: [[5, 11], [7, 11], [6, 10], [5, 12], [7, 12], [6, 11], [5, 13], [7, 13], [6, 12], [5, 14], [7, 14], [6, 13], [5, 15], [7, 15], [6, 14], [5, 16], [7, 16], [6, 15], [5, 17], [7, 17], [6, 16], [5, 18], [7, 18], [6, 17], [6, 19]]
Best in list: [6, 19]
Horz hall created at X 19!
Current tile updated!
Index: 24
NEW Open list: [[5, 11], [7, 11], [6, 10], [5, 12], [7, 12], [6, 11], [5, 13], [7, 13], [6, 12], [5, 14], [7, 14], [6, 13], [5, 15], [7, 15], [6, 14], [5, 16], [7, 16], [6, 15], [5, 17], [7, 17], [6, 16], [5, 18], [7, 18], [6, 17]]
NEW closed list: [[6, 10], [6, 9], [7, 10], [5, 10], [6, 11], [6, 12], [6, 13], [6, 14], [6, 15], [6, 16], [6, 17], [6, 18], [6, 19]]
current: [6, 19]
[5, 19]
[7, 19]
[6, 18]
[6, 20]
